Accuracy = 0.9845559845559846
Precision = 0.9815950920245399
Recall = 0.9696969696969697